translation_matrix = [0.03 0.53 0.067;
                        -0.04 0.53 0.067;
                        -0.13 0.53 0.067;
                        0.12 0.61 0.067;
                        0.03 0.6 0.067;
                        -0.04 0.61 0.067];
rotation_matrix = [-pi/2 -pi 0;
                    pi/2 -pi 0;
                    pi/2 -pi 0];
drop_location = [-0.42 0.75 0.15];
pick_location = [-0.42 0.75 0.125];
%object_matrix = ["pouch_grip", "pouch_grip", "pouch_grip"];